1 2 1 1 6 1 2 2 5
1 2 4 2 6 1 2 4 5
10 2 4 2 1 1 2 2 5
10 2 4 3 6 1 2 10 8
1219 2 4 3 6 1 3 2 1
1219 2 13 5 6 2 -9 2 4
1223 2 7 3 4 1 2 1 1
1223 2 12 3 6 3 2 2 6
1225 2 -9 2 1 1 2 2 5
1225 2 -9 3 6 3 2 2 5
1226 2 4 1 1 1 2 2 4
1226 2 13 3 6 2 2 3 5
1228 2 5 3 6 1 2 2 4
1228 2 5 3 6 1 2 4 6
1238 2 7 1 6 1 2 2 6
1238 2 17 3 6 2 2 10 6
1243 2 2 1 6 1 3 2 1
1243 2 12 3 6 3 3 2 1
1244 2 4 2 6 1 2 2 1
1244 2 4 3 6 2 -9 2 6
1253 2 4 1 4 1 2 2 1
1253 2 15 1 6 2 -9 2 4
1254 2 4 3 6 1 2 10 1
1254 2 4 3 6 2 2 10 5
1274 2 4 3 6 1 2 2 5
1274 2 4 3 6 1 2 4 8
1275 2 4 2 1 1 2 2 4
1275 2 13 3 6 1 2 3 6
1277 2 2 3 3 1 2 3 5
1277 2 15 3 6 3 -9 4 5
1284 2 4 1 6 1 2 2 1
1284 2 13 5 6 1 -9 4 4
1296 2 7 1 1 1 2 2 5
1296 2 15 1 6 1 -9 2 6
1297 2 4 1 4 1 2 2 5
1297 2 17 1 6 1 2 2 6
1299 2 4 3 1 1 2 2 4
1299 2 13 3 6 1 -9 4 4
1302 2 12 2 6 1 2 2 5
1302 2 12 3 6 1 2 3 5
1303 2 3 3 6 1 2 2 4
1303 2 7 3 6 1 -9 3 6
1304 2 4 3 1 3 2 4 4
1304 2 4 3 3 3 2 4 4
1312 2 4 1 6 1 3 2 5
1312 2 5 3 6 2 3 3 5
1317 2 4 1 6 1 2 2 5
1317 2 4 3 6 2 2 2 6
1318 2 4 1 4 1 3 2 3
1318 2 12 3 6 1 3 4 5
1319 2 13 1 6 1 2 2 1
1319 2 18 3 6 1 2 2 4
1320 2 4 1 1 1 2 4 4
1320 2 4 3 6 3 2 10 5
1321 2 5 1 1 1 2 2 1
1321 2 13 5 3 1 -9 4 8
1323 2 16 2 6 1 2 2 5
1323 2 16 3 6 2 2 3 5
1324 2 7 1 3 1 2 2 5
1324 2 16 5 6 2 3 2 6
1325 2 4 1 6 1 3 2 6
1325 2 13 3 6 2 -9 10 6
1326 2 4 2 1 2 2 2 1
1326 2 15 3 6 2 2 4 5
1327 2 4 1 6 1 2 2 5
1327 2 12 3 6 2 -9 4 6
1328 2 13 3 6 1 2 2 5
1328 2 13 3 6 1 2 4 5
1329 1 12 2 3 3 2 3 6
1329 1 18 4 3 3 -9 10 6
15 3 1 2 3 1 2 3 1
15 3 11 2 6 2 2 5 1
16 2 2 3 3 1 2 2 4
16 2 15 5 6 3 -9 2 5
17 3 4 2 3 1 2 3 1
17 3 12 3 5 1 -9 3 1
19 3 1 2 4 1 3 1 1
19 3 11 5 4 1 -9 1 6
2 2 15 1 6 1 2 2 5
2 2 15 3 6 1 2 2 5
20 1 11 2 3 1 2 6 2
20 1 18 4 5 3 3 8 2
21 2 15 3 6 1 2 2 5
21 2 15 3 6 2 3 3 6
27 1 2 2 3 1 3 10 5
27 1 11 4 5 3 -9 10 6
28 3 11 2 4 1 2 3 6
28 3 12 2 4 1 3 4 6
29 2 2 1 3 1 2 2 1
29 2 4 1 6 1 -9 2 5
30 2 4 3 5 1 2 2 5
30 2 4 5 6 1 -9 4 8
31 2 4 1 6 1 2 4 4
31 2 4 3 6 1 2 10 6
32 2 4 3 6 1 2 2 5
32 2 12 5 6 1 -9 4 8
33 2 2 3 3 1 2 2 4
33 2 4 5 6 1 2 2 5
34 3 2 1 4 2 2 1 6
34 3 4 3 6 2 2 4 6
36 3 11 2 3 1 2 3 2
36 3 12 2 4 1 2 4 6
37 2 3 3 3 1 2 2 6
37 2 4 3 6 1 3 4 8
38 3 1 2 3 1 2 3 4
38 3 10 5 4 2 2 6 6
4 2 12 3 3 1 2 2 4
4 2 16 3 6 3 -9 2 5
40 3 11 2 5 1 2 3 1
40 3 11 3 5 1 2 3 8
41 3 12 2 3 1 3 1 1
41 3 20 2 6 2 -9 3 6
42 3 12 2 5 1 2 3 2
42 3 18 3 5 1 2 4 6
429 1 11 2 3 1 2 3 5
429 1 16 5 6 3 2 8 6
43 3 12 5 4 1 2 3 4
43 3 12 5 4 2 -9 4 6
44 3 5 2 4 1 1 3 1
44 3 11 3 4 2 -9 3 6
45 2 3 1 6 2 2 3 5
45 2 4 3 6 2 2 4 5
457 1 11 2 5 1 3 6 2
457 1 12 2 6 1 -9 8 6
46 2 2 1 6 1 2 2 4
46 2 4 5 6 2 2 4 6
47 2 16 3 1 1 3 3 5
47 2 18 3 6 3 -9 4 7
471 1 18 2 3 1 2 3 6
471 1 18 2 3 3 3 10 6
479 1 11 2 5 1 2 3 2
479 1 12 2 6 3 3 8 6
48 3 20 2 3 1 2 3 1
48 3 22 2 6 2 3 3 6
49 3 7 2 4 1 3 3 1
49 3 11 3 6 2 3 5 6
494 1 3 4 3 1 2 6 2
494 1 18 5 5 3 3 10 6
5 2 4 3 6 1 2 2 5
5 2 7 3 6 2 -9 3 5
50 3 7 2 1 1 3 7 1
50 3 12 2 6 1 -9 9 4
505 1 11 2 5 1 2 3 2
505 1 11 5 6 3 -9 8 6
508 1 16 2 3 1 2 3 5
508 1 18 4 6 2 2 4 6
51 3 12 2 4 1 1 3 1
51 3 12 3 4 2 2 7 6
52 3 11 2 3 1 1 3 1
52 3 19 2 4 2 -9 3 2
54 3 4 1 1 1 2 1 6
54 3 12 2 6 1 -9 6 6
55 2 4 3 3 1 2 2 5
55 2 7 5 3 1 -9 4 8
56 2 2 1 1 1 2 2 4
56 2 4 3 6 3 2 2 5
57 2 4 3 6 2 2 2 4
57 2 9 3 6 3 -9 2 8
58 2 4 1 6 1 2 3 4
58 2 4 3 6 1 -9 4 5
59 2 4 1 6 1 2 2 5
59 2 12 3 6 1 -9 4 6
60 2 2 1 6 1 2 2 1
60 2 15 3 6 3 2 2 6
604 1 4 4 3 1 2 3 5
604 1 16 4 5 2 2 8 6
61 3 11 1 4 1 2 3 1
61 3 11 2 6 2 2 3 4
62 2 4 3 6 1 2 2 5
62 2 4 3 6 2 -9 2 5
63 2 4 2 1 1 2 2 5
63 2 4 3 6 2 2 10 5
64 2 21 3 6 1 3 2 5
64 2 21 5 6 2 3 3 6
66 2 4 1 3 1 2 2 5
66 2 18 3 6 1 3 4 8
67 2 4 3 1 1 2 2 4
67 2 12 3 2 3 -9 10 5
68 2 4 3 6 1 2 2 1
68 2 12 5 6 2 3 2 5
69 2 4 1 3 1 2 2 4
69 2 4 5 6 1 -9 4 5
691 1 16 2 3 1 3 3 5
691 1 18 2 6 1 -9 10 6
7 3 7 2 4 2 2 3 1
7 3 11 2 5 2 -9 3 6
715 1 11 2 3 1 2 10 6
715 1 18 4 5 1 3 10 6
724 4 5 2 4 1 2 3 1
724 4 19 2 4 1 3 3 1
755 4 11 2 4 1 2 3 2
755 4 12 2 5 1 2 3 6
768 4 3 2 3 1 3 1 4
768 4 13 3 4 3 -9 3 6
8 2 13 3 6 1 2 2 5
8 2 13 3 6 1 2 2 5
806 4 12 2 4 1 3 3 1
806 4 19 5 6 1 3 5 6
817 3 1 2 1 1 3 3 6
817 3 11 5 5 2 3 6 6
827 3 3 2 1 1 2 1 1
827 3 11 3 6 2 -9 3 6
828 3 10 2 3 2 3 5 1
828 3 11 2 5 2 3 7 6
829 3 7 2 4 1 2 1 6
829 3 13 5 4 3 3 5 6
834 3 10 2 3 2 3 3 1
834 3 20 2 6 2 -9 5 6
845 3 3 2 4 1 2 3 2
845 3 12 2 6 2 3 4 6
846 3 11 2 4 1 2 3 6
846 3 12 2 4 1 2 4 6
853 3 1 2 4 1 3 1 1
853 3 7 2 6 1 3 1 8
864 3 13 2 6 2 2 1 1
864 3 22 2 6 3 -9 6 1
865 3 7 2 5 1 2 1 6
865 3 11 2 6 1 3 6 8
877 3 10 2 3 1 2 5 1
877 3 12 3 4 2 3 6 2
884 3 11 2 6 1 2 1 1
884 3 22 5 6 2 -9 6 6
886 3 12 2 1 1 2 3 6
886 3 22 5 4 2 2 4 6
890 3 10 2 6 1 2 4 1
890 3 12 5 6 2 3 5 4
894 1 11 2 3 1 2 6 2
894 1 11 2 5 1 3 8 5
9 1 16 2 3 1 2 3 2
9 1 18 4 3 1 2 3 4
901 3 2 2 5 1 2 1 1
901 3 12 3 5 3 2 4 6
911 3 5 3 6 2 2 3 1
911 3 5 5 6 3 -9 3 2
915 3 10 2 1 1 3 3 6
915 3 10 3 5 2 -9 7 6
918 3 11 2 4 1 3 3 1
918 3 11 3 4 1 -9 4 6
920 3 5 2 4 1 2 3 1
920 3 7 3 6 1 -9 6 6
921 3 1 2 4 1 2 3 1
921 3 7 2 6 1 2 4 6
928 3 11 2 4 2 3 3 4
928 3 16 3 6 2 3 7 6
929 3 11 2 4 1 2 3 6
929 3 12 2 6 1 -9 4 6
933 3 12 1 5 1 3 1 1
933 3 12 3 6 1 3 5 4
937 3 7 3 4 1 3 3 6
937 3 7 5 6 2 3 5 6
951 3 11 2 4 1 3 3 6
951 3 18 3 5 1 -9 3 8
952 1 18 2 3 1 2 3 5
952 1 18 2 3 3 2 3 6
956 1 16 2 3 1 2 3 5
956 1 16 4 5 1 3 10 6
957 3 3 2 4 1 3 3 6
957 3 7 2 6 1 -9 3 6
966 3 8 2 1 1 3 1 1
966 3 22 2 1 1 -9 3 6
967 3 5 2 5 1 3 4 1
967 3 12 2 6 1 -9 7 1
968 3 11 2 1 1 2 3 6
968 3 12 2 6 2 -9 3 6
969 3 5 2 1 2 2 3 1
969 3 13 3 4 2 2 7 6
970 3 12 2 4 1 3 3 2
970 3 19 3 4 1 3 5 6
974 3 13 2 4 1 2 3 6
974 3 18 3 4 2 3 3 6
975 3 11 2 1 1 2 3 6
975 3 11 2 4 1 -9 3 6
976 3 1 3 1 2 2 6 1
976 3 12 3 6 3 2 7 6
978 2 3 1 1 1 2 3 4
978 2 18 3 4 1 3 4 5
979 2 2 3 6 1 2 3 5
979 2 13 5 6 2 2 4 5
980 2 4 3 6 1 2 2 1
980 2 4 5 6 1 2 4 5
981 2 4 2 5 1 3 2 4
981 2 15 3 6 1 -9 2 5
982 2 4 3 1 1 2 2 1
982 2 12 5 6 1 3 3 5
983 2 4 2 1 1 2 2 5
983 2 4 2 6 1 2 3 8
984 2 4 1 1 1 2 2 1
984 2 7 5 6 1 3 2 5
985 2 4 1 1 1 2 2 1
985 2 7 3 6 1 2 2 4
986 2 3 1 6 1 2 3 4
986 2 4 3 6 3 2 10 6
987 2 4 1 4 1 2 2 5
987 2 4 3 6 1 -9 2 8
988 2 4 1 3 1 2 2 1
988 2 4 3 6 1 2 2 5
989 2 4 2 6 1 2 2 1
989 2 13 3 6 2 -9 2 5
990 2 -9 1 6 2 2 2 4
990 2 -9 3 6 2 2 4 5
991 2 4 3 3 1 2 2 5
991 2 4 3 3 3 3 2 8
992 2 4 3 3 1 3 2 5
992 2 4 3 6 3 3 2 8
993 2 6 1 1 1 2 2 5
993 2 6 3 6 1 -9 10 6
994 2 13 3 6 2 2 1 1
994 2 13 3 6 2 2 2 6
1322 2 -9 3 3 1 2 4 1
1322 2 -9 5 6 1 2 4 5
